%YAML:1.0
LeftCameraInstric: !!opencv-matrix
   rows: 3
   cols: 3
   dt: d
   data: [ 4.0781384509765246e+002, 0., 3.0354362331402490e+002, 0.,
       4.0681921278864587e+002, 2.1476481472578010e+002, 0., 0., 1. ]
LeftCameraDistortion: !!opencv-matrix
   rows: 1
   cols: 5
   dt: d
   data: [ -4.3033426952578735e-001, 2.5186381334873753e-001,
       1.4230015038428666e-004, 5.8724582307503469e-004,
       -9.1939409664307470e-002 ]
RightCameraInstrics: !!opencv-matrix
   rows: 3
   cols: 3
   dt: d
   data: [ 4.0620808845966502e+002, 0., 3.2244279521779976e+002, 0.,
       4.0549297233063805e+002, 2.3292530943361234e+002, 0., 0., 1. ]
RightCameraDistortion: !!opencv-matrix
   rows: 1
   cols: 5
   dt: d
   data: [ -4.1923438677328939e-001, 2.1476404664086707e-001,
       7.5242604644903716e-004, 6.6822998564754937e-004,
       -5.8073543368349696e-002 ]
